x = [[144], [220], [138], [145], [162], 
     [142], [170], [124], [158], [154], 
     [162], [150], [140], [110], [128], 
     [130], [135], [114], [116], [124], 
     [136], [142], [120], [120], [160], 
     [158], [144], [130], [125], [175]]

y = [[39], [47], [45], [47], [65], [46], [67], [42], [67], [56], 
     [64], [56], [59], [34], [42], [48], [45], [17], [20], [19], 
     [36], [50], [39], [21], [44], [53], [63], [29], [25], [69]]

------- sum of x-------
4276
--------- sum of y-----
1354
----------multiply of x,y---------
[[ 5616]
 [10340]
 [ 6210]
 [ 6815]
 [10530]
 [ 6532]
 [11390]
 [ 5208]
 [10586]
 [ 8624]
 [10368]
 [ 8400]
 [ 8260]
 [ 3740]
 [ 5376]
 [ 6240]
 [ 6075]
 [ 1938]
 [ 2320]
 [ 2356]
 [ 4896]
 [ 7100]
 [ 4680]
 [ 2520]
 [ 7040]
 [ 8374]
 [ 9072]
 [ 3770]
 [ 3125]
 [12075]]
----------sum of multxy----------
199576
=========== x pangkat=========
[[20736]
 [48400]
 [19044]
 [21025]
 [26244]
 [20164]
 [28900]
 [15376]
 [24964]
 [23716]
 [26244]
 [22500]
 [19600]
 [12100]
 [16384]
 [16900]
 [18225]
 [12996]
 [13456]
 [15376]
 [18496]
 [20164]
 [14400]
 [14400]
 [25600]
 [24964]
 [20736]
 [16900]
 [15625]
 [30625]]
=========== y pangkat=========
[[1521]
 [2209]
 [2025]
 [2209]
 [4225]
 [2116]
 [4489]
 [1764]
 [4489]
 [3136]
 [4096]
 [3136]
 [3481]
 [1156]
 [1764]
 [2304]
 [2025]
 [ 289]
 [ 400]
 [ 361]
 [1296]
 [2500]
 [1521]
 [ 441]
 [1936]
 [2809]
 [3969]
 [ 841]
 [ 625]
 [4761]]
=== sum of xpangkat =====
624260
===== sum of ypangkat======
67894
